1.21127e+13
6.9263e+12
5.20145e+12
4.13213e+12
3.38415e+12
2.84206e+12
2.41964e+12
2.10558e+12
1.85228e+12
1.64206e+12
1.47572e+12
1.33269e+12
1.22034e+12
1.12962e+12
1.05265e+12
9.91131e+11
9.3937e+11
8.9297e+11
8.52875e+11
8.17715e+11
7.87324e+11
7.61698e+11
7.39681e+11
7.22242e+11
7.06313e+11
6.90918e+11
6.774e+11
6.6626e+11
6.55365e+11
6.45845e+11
6.35915e+11
6.27554e+11
6.19875e+11
6.12313e+11
6.04863e+11
5.97732e+11
5.91866e+11
5.85734e+11
5.79411e+11
5.7469e+11
5.6976e+11
5.6451e+11
5.59682e+11
5.55103e+11
5.50685e+11
5.4584e+11
5.42052e+11
5.38142e+11
5.33567e+11
5.29848e+11
5.26384e+11
5.22626e+11
5.18984e+11
5.15385e+11
5.11663e+11
5.08934e+11
5.05798e+11
5.02561e+11
4.99737e+11
4.97058e+11
4.93869e+11
4.90738e+11
4.87938e+11
4.85296e+11
4.82373e+11
4.79723e+11
4.77148e+11
4.7431e+11
4.71763e+11
4.69212e+11
4.66667e+11
4.64377e+11
4.62097e+11
4.59643e+11
4.57498e+11
4.55381e+11
4.53102e+11
4.50725e+11
4.48709e+11
4.46317e+11
4.44221e+11
4.4204e+11
4.398e+11
4.37854e+11
4.35882e+11
4.33913e+11
4.32067e+11
4.30168e+11
4.28117e+11
4.26233e+11
4.24175e+11
4.22307e+11
4.20492e+11
4.18815e+11
4.1713e+11
4.15581e+11
4.13894e+11
4.12246e+11
4.10815e+11
4.09015e+11
4.07541e+11
4.06035e+11
4.04527e+11
4.02902e+11
4.01362e+11
3.99861e+11
3.98349e+11
3.96962e+11
3.95552e+11
3.9419e+11
3.92773e+11
3.9143e+11
3.90052e+11
3.88597e+11
3.87375e+11
3.85954e+11
3.84669e+11
3.83527e+11
3.82253e+11
3.80928e+11
3.79557e+11
3.78365e+11
3.77138e+11
3.76024e+11
3.74781e+11
3.7354e+11
3.72485e+11
3.71275e+11
3.70213e+11
3.69196e+11
3.67965e+11
3.66818e+11
3.65571e+11
3.64475e+11
3.633e+11
3.62284e+11
3.61231e+11
3.6018e+11
3.59219e+11
3.58026e+11
3.56922e+11
3.55809e+11
3.54793e+11
3.53828e+11
3.52779e+11
3.51882e+11
3.50843e+11
3.49828e+11
3.48849e+11
3.47874e+11
3.47011e+11
3.46071e+11
3.45106e+11
3.44168e+11
3.43289e+11
3.42474e+11
3.41533e+11
3.40639e+11
3.39742e+11
3.38829e+11
3.38014e+11
3.37117e+11
3.36302e+11
3.35459e+11
3.34589e+11
3.33791e+11
3.33006e+11
3.32176e+11
3.31262e+11
3.30418e+11
3.29652e+11
3.28854e+11
3.27994e+11
3.27188e+11
3.26428e+11
3.25656e+11
3.24883e+11
3.24054e+11
3.23279e+11
3.22542e+11
3.21794e+11
3.21116e+11
3.20392e+11
3.19693e+11
3.18956e+11
3.18246e+11
3.1754e+11
3.16795e+11
3.16128e+11
3.15429e+11
3.14708e+11
3.14011e+11
3.13305e+11
3.12611e+11
3.11947e+11
3.11259e+11
3.10546e+11
3.09838e+11
3.09182e+11
3.08528e+11
3.07813e+11
3.07145e+11
3.06526e+11
3.05842e+11
3.05195e+11
3.04595e+11
3.03995e+11
3.03417e+11
3.0284e+11
3.02249e+11
3.01666e+11
3.01078e+11
3.00502e+11
2.99889e+11
2.99301e+11
2.98717e+11
2.98118e+11
2.97552e+11
2.96952e+11
2.96353e+11
2.95806e+11
2.95201e+11
2.94616e+11
2.94053e+11
2.93497e+11
2.92929e+11
2.92344e+11
2.91806e+11
2.91227e+11
2.90696e+11
2.9017e+11
2.89641e+11
2.89112e+11
2.88626e+11
2.88141e+11
2.87652e+11
2.87117e+11
2.86614e+11
2.86081e+11
2.85582e+11
2.85122e+11
2.84589e+11
2.84053e+11
2.83544e+11
2.83088e+11
2.82557e+11
2.8205e+11
2.81534e+11
2.81014e+11
2.80524e+11
2.80037e+11
2.79536e+11
2.79085e+11
2.78619e+11
2.78176e+11
2.77702e+11
2.77234e+11
2.76773e+11
2.76311e+11
2.75877e+11
2.75471e+11
2.75004e+11
2.74557e+11
2.74124e+11
2.73685e+11
2.73225e+11
2.72784e+11
2.72305e+11
2.71833e+11
2.71414e+11
2.70993e+11
2.70587e+11
2.70152e+11
2.69727e+11
2.69307e+11
2.68928e+11
2.68523e+11
2.68076e+11
2.67657e+11
2.67272e+11
2.66885e+11
2.66463e+11
2.66047e+11
2.65639e+11
2.65248e+11
2.64826e+11
2.64421e+11
2.64046e+11
2.63624e+11
2.6323e+11
2.62856e+11
2.62496e+11
2.62112e+11
2.61709e+11
2.61328e+11
2.60909e+11
2.6052e+11
2.60148e+11
2.5976e+11
2.5938e+11
2.58999e+11
2.58628e+11
2.58266e+11
2.57921e+11
2.57571e+11
2.57171e+11
2.56803e+11
2.56434e+11
2.56082e+11
2.55742e+11
2.5538e+11
2.55028e+11
2.54666e+11
2.54308e+11
2.53964e+11
