1.21127e+13
1.56302e+12
7.20307e+11
5.88507e+11
4.80288e+11
4.1592e+11
3.67513e+11
3.30267e+11
3.01003e+11
2.76594e+11
2.57789e+11
2.39958e+11
2.2469e+11
2.13312e+11
2.0234e+11
1.92124e+11
1.8429e+11
1.75717e+11
1.69842e+11
1.63929e+11
1.61778e+11
1.53683e+11
1.58135e+11
1.46231e+11
1.40079e+11
1.37934e+11
1.31998e+11
1.29669e+11
1.26091e+11
1.23317e+11
1.20159e+11
1.17502e+11
1.14705e+11
1.11459e+11
1.08832e+11
1.06505e+11
1.04639e+11
1.02561e+11
9.9065e+10
9.8129e+10
9.7239e+10
9.3329e+10
9.15222e+10
8.9883e+10
8.7567e+10
8.6795e+10
8.4673e+10
8.25885e+10
8.10471e+10
8.0409e+10
8.30415e+10
7.69179e+10
7.5607e+10
7.38745e+10
7.31857e+10
7.29657e+10
7.04802e+10
6.96559e+10
7.02261e+10
6.79972e+10
6.75673e+10
6.44361e+10
6.32855e+10
6.2608e+10
6.09372e+10
6.01134e+10
5.89514e+10
5.82324e+10
5.72118e+10
5.60363e+10
5.51816e+10
5.41648e+10
5.31254e+10
5.23854e+10
5.16413e+10
5.0677e+10
4.97336e+10
4.89019e+10
4.82208e+10
4.75466e+10
4.7119e+10
4.61989e+10
4.535e+10
4.51653e+10
4.41497e+10
4.35568e+10
4.2863e+10
4.24183e+10
4.1645e+10
4.09653e+10
4.03983e+10
4.01282e+10
3.93143e+10
3.88038e+10
3.83221e+10
3.77438e+10
3.79857e+10
3.67651e+10
3.65016e+10
3.6064e+10
3.57396e+10
3.53686e+10
3.48132e+10
3.46788e+10
3.39992e+10
3.37643e+10
3.31339e+10
3.26969e+10
3.3337e+10
3.22182e+10
3.19576e+10
3.15138e+10
3.16406e+10
3.11254e+10
3.04953e+10
3.05193e+10
3.01246e+10
2.97958e+10
2.94324e+10
2.93191e+10
2.9511e+10
2.92173e+10
2.87108e+10
2.82123e+10
2.81282e+10
2.77943e+10
2.75883e+10
2.75494e+10
2.7877e+10
2.70526e+10
2.67801e+10
2.64557e+10
2.71123e+10
2.65513e+10
2.60901e+10
2.56805e+10
2.57083e+10
2.56289e+10
2.64631e+10
2.66886e+10
2.49942e+10
2.46856e+10
2.46011e+10
2.44903e+10
2.4327e+10
2.43059e+10
2.4039e+10
2.37116e+10
2.35471e+10
2.33883e+10
2.31014e+10
2.29778e+10
2.34264e+10
2.26044e+10
2.27691e+10
2.28776e+10
2.21719e+10
2.23269e+10
2.19907e+10
2.30441e+10
2.1628e+10
2.13916e+10
2.11741e+10
2.11365e+10
2.18502e+10
2.08041e+10
2.07158e+10
2.05996e+10
2.03438e+10
2.02136e+10
2.00259e+10
1.98102e+10
1.99308e+10
1.98842e+10
1.94233e+10
1.953e+10
1.92266e+10
1.91095e+10
1.89581e+10
1.88896e+10
1.8825e+10
1.88891e+10
1.91479e+10
1.80977e+10
1.86139e+10
1.82536e+10
1.80406e+10
1.7743e+10
1.7647e+10
1.72811e+10
1.72187e+10
1.76053e+10
1.70811e+10
1.69659e+10
1.77354e+10
1.72027e+10
1.66702e+10
1.66294e+10
1.6906e+10
1.66292e+10
1.6669e+10
1.62838e+10
1.68251e+10
1.65482e+10
1.58368e+10
1.60669e+10
1.54633e+10
1.55231e+10
1.56051e+10
1.612e+10
1.52758e+10
1.48654e+10
1.53171e+10
1.4621e+10
1.48094e+10
1.48568e+10
1.46238e+10
1.46704e+10
1.43238e+10
1.42052e+10
1.42703e+10
1.44289e+10
1.50916e+10
1.42219e+10
1.396e+10
1.40082e+10
1.35783e+10
1.35706e+10
1.44338e+10
1.38354e+10
1.42282e+10
1.34302e+10
1.33294e+10
1.28994e+10
1.31674e+10
1.30635e+10
1.31995e+10
1.35541e+10
1.26007e+10
1.25556e+10
1.27191e+10
1.25564e+10
1.30474e+10
1.23451e+10
1.28819e+10
1.23809e+10
1.23468e+10
1.2002e+10
1.20462e+10
1.23128e+10
1.20911e+10
1.21555e+10
1.16562e+10
1.19786e+10
1.17784e+10
1.15697e+10
1.21467e+10
1.18101e+10
1.17038e+10
1.14502e+10
1.14274e+10
1.14329e+10
1.13446e+10
1.16334e+10
1.14207e+10
1.13649e+10
1.14709e+10
1.11732e+10
1.19631e+10
1.19073e+10
1.18542e+10
1.10924e+10
1.09023e+10
1.11265e+10
1.11398e+10
1.14353e+10
1.13089e+10
1.09295e+10
1.11475e+10
1.07267e+10
1.09236e+10
1.11804e+10
1.15487e+10
1.07881e+10
1.06063e+10
1.07697e+10
1.10894e+10
1.07824e+10
1.05221e+10
1.05877e+10
1.09228e+10
1.04575e+10
1.06414e+10
1.04872e+10
1.05227e+10
1.12636e+10
1.0868e+10
1.06202e+10
1.08912e+10
1.06472e+10
1.05777e+10
1.06731e+10
1.05443e+10
1.04351e+10
1.0252e+10
1.03664e+10
1.09452e+10
1.08979e+10
1.03626e+10
1.04934e+10
1.02347e+10
1.02822e+10
1.02789e+10
1.03587e+10
1.04313e+10
