1.21127e+13
4.40542e+11
3.25822e+11
2.68644e+11
2.30988e+11
2.04719e+11
1.84667e+11
1.69771e+11
1.56969e+11
1.4644e+11
1.38083e+11
1.30528e+11
1.2407e+11
1.18982e+11
1.13444e+11
1.10107e+11
1.17637e+11
1.00467e+11
1.01205e+11
9.39628e+10
9.06038e+10
9.2025e+10
8.5687e+10
8.09833e+10
7.88465e+10
7.61569e+10
8.73943e+10
7.23198e+10
6.88614e+10
6.92102e+10
6.42873e+10
6.25293e+10
6.01836e+10
5.94882e+10
6.97508e+10
5.59732e+10
5.34158e+10
5.24875e+10
5.07477e+10
4.89097e+10
5.0769e+10
4.61133e+10
4.48807e+10
5.19876e+10
4.50969e+10
4.76401e+10
4.13274e+10
3.954e+10
3.8426e+10
3.8289e+10
3.90805e+10
4.11966e+10
3.5401e+10
4.13984e+10
3.43239e+10
3.41945e+10
3.69606e+10
3.29135e+10
3.8167e+10
4.25131e+10
3.17782e+10
3.10161e+10
3.29382e+10
3.01203e+10
3.97179e+10
2.85429e+10
3.33215e+10
2.89115e+10
3.32514e+10
3.15303e+10
2.76127e+10
3.30726e+10
3.04505e+10
2.9257e+10
2.96265e+10
2.58424e+10
2.6151e+10
2.56473e+10
2.82089e+10
2.92491e+10
2.51759e+10
3.06652e+10
2.42234e+10
2.56922e+10
2.4854e+10
2.43849e+10
2.90601e+10
2.43956e+10
2.36008e+10
2.28039e+10
2.25707e+10
2.23034e+10
2.3488e+10
2.40289e+10
3.6538e+10
2.48795e+10
2.21031e+10
2.15732e+10
2.2956e+10
2.46007e+10
2.09056e+10
2.11679e+10
2.12061e+10
2.12804e+10
2.02068e+10
2.06709e+10
2.06695e+10
2.06197e+10
2.07484e+10
2.03249e+10
1.94675e+10
1.95744e+10
2.07685e+10
2.12014e+10
2.13169e+10
1.89656e+10
1.95653e+10
1.86299e+10
1.90078e+10
2.23336e+10
2.27223e+10
1.9538e+10
1.80843e+10
2.57421e+10
1.81828e+10
2.1771e+10
1.76279e+10
2.15477e+10
1.77147e+10
1.74507e+10
1.9626e+10
1.73589e+10
1.8334e+10
1.7752e+10
2.45754e+10
1.66504e+10
2.83399e+10
2.47396e+10
1.64918e+10
1.67274e+10
1.99323e+10
1.80859e+10
1.62572e+10
2.22723e+10
2.35029e+10
1.66619e+10
1.58409e+10
1.54551e+10
1.57477e+10
1.72175e+10
2.08931e+10
1.62844e+10
1.6251e+10
1.69916e+10
1.66988e+10
2.27587e+10
1.62556e+10
1.59384e+10
1.54149e+10
1.97412e+10
1.56044e+10
1.60787e+10
1.84251e+10
1.53561e+10
1.97905e+10
1.44213e+10
1.41592e+10
1.67372e+10
1.42225e+10
1.42172e+10
1.56772e+10
2.12177e+10
1.77387e+10
1.48118e+10
1.51037e+10
1.36915e+10
1.7223e+10
1.38142e+10
1.54984e+10
1.34965e+10
1.54638e+10
1.3315e+10
1.3286e+10
1.50485e+10
1.32255e+10
1.45662e+10
1.8216e+10
1.36325e+10
1.30198e+10
1.35252e+10
1.32626e+10
1.28793e+10
1.47351e+10
2.46501e+10
1.38624e+10
1.29292e+10
1.2612e+10
1.28322e+10
1.26307e+10
1.46328e+10
1.31528e+10
1.40251e+10
2.29015e+10
1.51917e+10
1.45826e+10
2.13529e+10
1.57969e+10
1.45719e+10
1.28144e+10
1.58787e+10
1.23757e+10
1.24957e+10
1.25201e+10
1.35602e+10
1.26618e+10
1.5522e+10
1.40225e+10
1.40657e+10
1.39981e+10
1.26097e+10
1.2482e+10
1.31687e+10
1.22984e+10
1.19296e+10
1.20717e+10
1.26274e+10
1.2278e+10
1.22483e+10
1.2826e+10
1.32447e+10
1.2913e+10
1.69725e+10
1.1881e+10
1.17727e+10
1.36462e+10
1.75145e+10
1.36337e+10
1.21761e+10
1.17347e+10
1.19635e+10
1.1496e+10
1.33331e+10
1.32071e+10
1.14857e+10
2.12464e+10
1.20246e+10
1.62951e+10
1.21087e+10
1.1543e+10
1.34849e+10
1.43666e+10
1.30603e+10
1.22981e+10
1.73259e+10
1.13982e+10
1.30333e+10
2.35928e+10
1.28745e+10
1.75772e+10
1.21975e+10
1.10022e+10
1.56389e+10
1.28212e+10
1.55402e+10
1.61113e+10
1.10173e+10
1.19698e+10
1.0876e+10
1.08628e+10
1.11814e+10
1.20662e+10
1.12489e+10
1.09339e+10
1.09064e+10
1.12526e+10
1.57258e+10
1.14018e+10
1.43885e+10
1.1476e+10
1.30714e+10
2.08149e+10
1.13372e+10
1.14056e+10
1.30363e+10
1.10016e+10
1.11254e+10
1.10953e+10
1.19275e+10
1.08177e+10
1.09555e+10
1.07416e+10
2.58763e+10
1.16796e+10
1.23131e+10
1.0848e+10
1.06412e+10
1.08109e+10
1.07687e+10
1.0904e+10
1.12997e+10
1.05645e+10
1.31606e+10
1.12035e+10
1.72611e+10
1.0713e+10
1.13331e+10
1.1995e+10
1.39991e+10
1.05918e+10
1.726e+10
2.06857e+10
1.3837e+10
1.20388e+10
1.55292e+10
1.12853e+10
