1.21127e+13
5.50522e+11
4.48676e+11
4.01357e+11
3.56017e+11
3.30918e+11
3.26037e+11
2.99505e+11
2.87378e+11
2.96704e+11
2.71633e+11
2.7593e+11
2.58973e+11
2.74898e+11
2.50792e+11
2.57693e+11
2.63216e+11
2.38588e+11
2.33655e+11
2.37393e+11
2.3547e+11
2.27124e+11
2.37648e+11
2.24439e+11
2.20673e+11
2.18139e+11
2.26673e+11
2.52401e+11
2.70795e+11
2.15635e+11
2.13104e+11
2.11664e+11
2.07797e+11
2.13643e+11
2.04401e+11
2.06259e+11
2.06247e+11
2.06262e+11
2.01603e+11
2.06951e+11
2.05728e+11
1.9843e+11
1.97291e+11
2.1505e+11
2.01554e+11
1.93787e+11
2.10728e+11
1.99773e+11
1.94006e+11
1.9247e+11
1.95361e+11
1.90777e+11
1.93449e+11
1.9108e+11
1.94239e+11
1.87109e+11
1.94307e+11
1.86558e+11
1.9538e+11
1.84857e+11
1.8705e+11
1.89662e+11
1.92852e+11
1.86106e+11
1.8239e+11
1.83613e+11
1.80813e+11
1.8247e+11
1.79864e+11
1.82904e+11
1.79929e+11
1.81156e+11
1.78871e+11
1.7773e+11
1.77832e+11
1.77254e+11
1.76535e+11
1.75831e+11
1.77916e+11
1.75206e+11
1.75292e+11
1.75329e+11
1.73915e+11
1.78247e+11
1.7338e+11
1.73242e+11
1.72991e+11
1.77691e+11
1.73906e+11
1.72142e+11
1.71675e+11
1.70733e+11
1.70503e+11
1.70017e+11
1.70257e+11
1.69288e+11
1.69624e+11
1.68512e+11
1.70555e+11
1.68116e+11
1.67583e+11
1.6932e+11
1.67186e+11
1.75089e+11
1.66508e+11
1.67205e+11
1.66247e+11
1.65458e+11
1.65908e+11
1.67509e+11
1.65472e+11
1.64857e+11
1.64619e+11
1.63595e+11
1.63351e+11
1.63372e+11
1.63014e+11
1.6263e+11
1.62604e+11
1.61979e+11
1.61998e+11
1.68623e+11
1.62376e+11
1.60943e+11
1.61243e+11
1.60489e+11
1.60275e+11
1.60571e+11
1.61409e+11
1.61313e+11
1.59125e+11
1.60962e+11
1.58991e+11
1.60298e+11
1.59128e+11
1.58001e+11
1.58186e+11
1.57878e+11
1.57186e+11
1.60983e+11
1.58202e+11
1.56414e+11
1.62746e+11
1.62521e+11
1.57686e+11
1.56004e+11
1.55573e+11
1.58345e+11
1.55299e+11
1.54422e+11
1.55552e+11
1.61484e+11
1.57636e+11
1.55683e+11
1.54459e+11
1.53397e+11
1.53004e+11
1.54089e+11
1.54455e+11
1.52469e+11
1.52034e+11
1.51887e+11
1.5196e+11
1.514e+11
1.51222e+11
1.51229e+11
1.50701e+11
1.50348e+11
1.52653e+11
1.51619e+11
1.49808e+11
1.50511e+11
1.49923e+11
1.49058e+11
1.54868e+11
1.49195e+11
1.48458e+11
1.4873e+11
1.48018e+11
1.49932e+11
1.48454e+11
1.47764e+11
1.47485e+11
1.48631e+11
1.48451e+11
1.46625e+11
1.46757e+11
1.46468e+11
1.46007e+11
1.45867e+11
1.46755e+11
1.45544e+11
1.48996e+11
1.45614e+11
1.44962e+11
1.45438e+11
1.4466e+11
1.44306e+11
1.44441e+11
1.47816e+11
1.43833e+11
1.43608e+11
1.44521e+11
1.44927e+11
1.43646e+11
1.45518e+11
1.43174e+11
1.43326e+11
1.44136e+11
1.42424e+11
1.42e+11
1.41835e+11
1.41533e+11
1.41539e+11
1.43379e+11
1.42093e+11
1.41121e+11
1.41435e+11
1.41159e+11
1.40959e+11
1.47482e+11
1.4084e+11
1.42147e+11
1.39588e+11
1.42005e+11
1.39114e+11
1.4033e+11
1.39239e+11
1.40787e+11
1.39336e+11
1.38587e+11
1.38228e+11
1.38668e+11
1.39105e+11
1.38551e+11
1.3846e+11
1.39182e+11
1.37386e+11
1.36931e+11
1.38177e+11
1.36657e+11
1.36663e+11
1.36994e+11
1.36169e+11
1.36667e+11
1.36039e+11
1.36262e+11
1.35471e+11
1.35994e+11
1.35702e+11
1.35004e+11
1.35177e+11
1.36902e+11
1.34555e+11
1.36246e+11
1.34241e+11
1.34367e+11
1.36728e+11
1.33831e+11
1.34008e+11
1.3382e+11
1.33495e+11
1.34417e+11
1.3288e+11
1.33086e+11
1.36983e+11
1.3291e+11
1.32245e+11
1.33102e+11
1.34582e+11
1.31732e+11
1.31576e+11
1.31838e+11
1.34105e+11
1.31467e+11
1.31323e+11
1.31654e+11
1.31571e+11
1.31146e+11
1.30375e+11
1.3016e+11
1.30075e+11
1.30107e+11
1.31736e+11
1.30033e+11
1.29412e+11
1.30279e+11
1.2968e+11
1.29123e+11
1.30115e+11
1.28974e+11
1.29717e+11
1.28644e+11
1.28426e+11
1.30134e+11
1.28052e+11
1.28645e+11
1.2802e+11
1.27506e+11
1.2751e+11
1.27249e+11
1.27571e+11
1.27201e+11
1.26744e+11
1.26601e+11
1.27362e+11
1.27316e+11
1.26182e+11
1.26806e+11
1.27627e+11
1.26187e+11
1.26186e+11
1.25447e+11
1.25502e+11
1.26413e+11
