1.21127e+13
1.00958e+13
8.3622e+12
6.90472e+12
5.67809e+12
4.67551e+12
3.83838e+12
3.16046e+12
2.61847e+12
2.16228e+12
1.78871e+12
1.50887e+12
1.29591e+12
1.13155e+12
9.98441e+11
8.93268e+11
8.20086e+11
7.61028e+11
7.13839e+11
6.79766e+11
6.48114e+11
6.24046e+11
6.01733e+11
5.85567e+11
5.68987e+11
5.52168e+11
5.38193e+11
5.26713e+11
5.15772e+11
5.03795e+11
4.9199e+11
4.81703e+11
4.72307e+11
4.6246e+11
4.53675e+11
4.45785e+11
4.36956e+11
4.28934e+11
4.21865e+11
4.14981e+11
4.07841e+11
4.00755e+11
3.94414e+11
3.87737e+11
3.82354e+11
3.77099e+11
3.71211e+11
3.65714e+11
3.60147e+11
3.54619e+11
3.49578e+11
3.44758e+11
3.40004e+11
3.34491e+11
3.29555e+11
3.24807e+11
3.20317e+11
3.16092e+11
3.11777e+11
3.07756e+11
3.03708e+11
2.99939e+11
2.96404e+11
2.93323e+11
2.90219e+11
2.86753e+11
2.83163e+11
2.79537e+11
2.76082e+11
2.72669e+11
2.69474e+11
2.65931e+11
2.62808e+11
2.59864e+11
2.56964e+11
2.53829e+11
2.50693e+11
2.47853e+11
2.45371e+11
2.42741e+11
2.40342e+11
2.37874e+11
2.35428e+11
2.32967e+11
2.30759e+11
2.28619e+11
2.26389e+11
2.23984e+11
2.21683e+11
2.1966e+11
2.17432e+11
2.15494e+11
2.1358e+11
2.11771e+11
2.09798e+11
2.07869e+11
2.05995e+11
2.04378e+11
2.02675e+11
2.00978e+11
1.99333e+11
1.9773e+11
1.96193e+11
1.94773e+11
1.93339e+11
1.91965e+11
1.9052e+11
1.89205e+11
1.87823e+11
1.86464e+11
1.85023e+11
1.83817e+11
1.82343e+11
1.80987e+11
1.79714e+11
1.78422e+11
1.77161e+11
1.75842e+11
1.74594e+11
1.73317e+11
1.72146e+11
1.71009e+11
1.69859e+11
1.68783e+11
1.67715e+11
1.66605e+11
1.6556e+11
1.64472e+11
1.63438e+11
1.6233e+11
1.61295e+11
1.60251e+11
1.59224e+11
1.58215e+11
1.57281e+11
1.56394e+11
1.55345e+11
1.54377e+11
1.53415e+11
1.52623e+11
1.51663e+11
1.50746e+11
1.49976e+11
1.48972e+11
1.48073e+11
1.47139e+11
1.46257e+11
1.45364e+11
1.44428e+11
1.43555e+11
1.42719e+11
1.41997e+11
1.41173e+11
1.40338e+11
1.39681e+11
1.38842e+11
1.3796e+11
1.37138e+11
1.36388e+11
1.35628e+11
1.34897e+11
1.34121e+11
1.33366e+11
1.3272e+11
1.31999e+11
1.31312e+11
1.30807e+11
1.2992e+11
1.29297e+11
1.2858e+11
1.27924e+11
1.27242e+11
1.26514e+11
1.25871e+11
1.25297e+11
1.24681e+11
1.23975e+11
1.23372e+11
1.22838e+11
1.2218e+11
1.21601e+11
1.20996e+11
1.20358e+11
1.19824e+11
1.19219e+11
1.18798e+11
1.1813e+11
1.17576e+11
1.16969e+11
1.16603e+11
1.15996e+11
1.15533e+11
1.15012e+11
1.14436e+11
1.13958e+11
1.13465e+11
1.13093e+11
1.12609e+11
1.11801e+11
1.11254e+11
1.10734e+11
1.10296e+11
1.09815e+11
1.09307e+11
1.09035e+11
1.08417e+11
1.07897e+11
1.0742e+11
1.06933e+11
1.06539e+11
1.06107e+11
1.05621e+11
1.0519e+11
1.04753e+11
1.04289e+11
1.04033e+11
1.03511e+11
1.03229e+11
1.02565e+11
1.02167e+11
1.0175e+11
1.01389e+11
1.00894e+11
1.00463e+11
1.00056e+11
9.96812e+10
9.92849e+10
9.8954e+10
9.84464e+10
9.80529e+10
9.76498e+10
9.72938e+10
9.6904e+10
9.66587e+10
9.61307e+10
9.59162e+10
9.54501e+10
9.49967e+10
9.46176e+10
9.42022e+10
9.38508e+10
9.37224e+10
9.31067e+10
9.27424e+10
9.24185e+10
9.2276e+10
9.16581e+10
9.13142e+10
9.12738e+10
9.06948e+10
9.03146e+10
8.99952e+10
8.97214e+10
8.94631e+10
8.90454e+10
8.88225e+10
8.83746e+10
8.82092e+10
8.78299e+10
8.74201e+10
8.70205e+10
8.67111e+10
8.63775e+10
8.60539e+10
8.60318e+10
8.54089e+10
8.53922e+10
8.49021e+10
8.44764e+10
8.42645e+10
8.38777e+10
8.3644e+10
8.33037e+10
8.29688e+10
8.27195e+10
8.23882e+10
8.21459e+10
8.18493e+10
8.15504e+10
8.1222e+10
8.10266e+10
8.06001e+10
8.03181e+10
8.00805e+10
7.97455e+10
7.9496e+10
7.91731e+10
7.90648e+10
7.8642e+10
7.83279e+10
7.80485e+10
7.7845e+10
7.74844e+10
7.7194e+10
7.70189e+10
7.66647e+10
7.63802e+10
7.61445e+10
7.58265e+10
7.55811e+10
7.52766e+10
7.50287e+10
7.47649e+10
7.45552e+10
7.42736e+10
7.40429e+10
7.36996e+10
7.34926e+10
7.3185e+10
7.29003e+10
7.26498e+10
7.23685e+10
7.21286e+10
7.1901e+10
7.1651e+10
