1.21127e+13
5.96873e+11
4.40626e+11
3.78877e+11
3.30052e+11
3.11133e+11
2.90581e+11
2.81567e+11
2.73697e+11
2.60383e+11
2.50674e+11
2.43431e+11
2.37336e+11
2.36246e+11
2.33095e+11
2.38392e+11
2.35487e+11
2.20072e+11
2.19072e+11
2.15484e+11
2.13497e+11
2.11085e+11
2.06662e+11
2.11908e+11
2.08971e+11
2.04023e+11
2.15534e+11
2.01458e+11
1.98447e+11
2.22433e+11
2.04236e+11
1.9385e+11
1.98453e+11
1.91825e+11
1.90612e+11
1.9442e+11
1.91013e+11
1.88195e+11
1.97826e+11
1.85823e+11
1.89203e+11
1.84092e+11
1.85267e+11
1.82971e+11
1.82626e+11
1.81732e+11
1.80379e+11
1.79505e+11
1.78926e+11
1.78372e+11
1.79076e+11
1.77791e+11
1.7618e+11
1.76597e+11
1.75324e+11
1.76222e+11
1.74467e+11
1.79446e+11
1.77355e+11
1.72094e+11
1.74682e+11
1.71564e+11
1.72382e+11
1.73105e+11
1.72524e+11
1.69341e+11
1.71275e+11
1.69543e+11
1.9966e+11
1.67042e+11
1.66795e+11
1.66397e+11
1.78892e+11
1.65937e+11
1.66027e+11
1.7749e+11
1.69132e+11
1.6411e+11
1.64249e+11
1.70602e+11
1.63293e+11
1.62385e+11
1.63434e+11
1.62388e+11
1.61702e+11
1.63411e+11
1.60835e+11
1.62523e+11
1.59902e+11
1.59014e+11
1.58676e+11
1.5849e+11
1.58209e+11
1.58479e+11
1.60453e+11
1.5649e+11
1.56532e+11
1.56337e+11
1.57901e+11
1.56804e+11
1.56511e+11
1.5508e+11
1.61036e+11
1.59862e+11
1.53344e+11
1.53754e+11
1.52739e+11
1.52384e+11
1.52365e+11
1.56644e+11
1.6424e+11
1.56235e+11
1.52369e+11
1.50681e+11
1.49949e+11
1.5064e+11
1.59342e+11
1.51744e+11
1.49971e+11
1.49295e+11
1.60145e+11
1.48168e+11
1.53907e+11
1.52139e+11
1.48454e+11
1.46569e+11
1.47129e+11
1.49629e+11
1.4604e+11
1.48903e+11
1.47332e+11
1.49302e+11
1.45385e+11
1.45695e+11
1.4423e+11
1.47061e+11
1.43841e+11
1.50943e+11
1.44325e+11
1.54586e+11
1.43264e+11
1.42626e+11
1.42579e+11
1.43715e+11
1.46275e+11
1.42287e+11
1.41316e+11
1.40457e+11
1.40908e+11
1.40292e+11
1.40728e+11
1.41888e+11
1.39448e+11
1.39177e+11
1.38898e+11
1.38303e+11
1.3926e+11
1.38141e+11
1.46275e+11
1.3803e+11
1.4025e+11
1.39725e+11
1.37486e+11
1.41122e+11
1.36493e+11
1.37072e+11
1.35831e+11
1.36079e+11
1.35805e+11
1.56847e+11
1.36294e+11
1.34428e+11
1.34778e+11
1.40163e+11
1.37395e+11
1.34457e+11
1.34489e+11
1.42082e+11
1.72735e+11
1.3316e+11
1.35079e+11
1.32183e+11
1.3234e+11
1.32051e+11
1.31115e+11
1.31518e+11
1.31437e+11
1.37736e+11
1.31733e+11
1.38833e+11
1.36144e+11
1.29529e+11
1.29486e+11
1.30063e+11
1.3131e+11
1.3057e+11
1.3098e+11
1.3437e+11
1.31598e+11
1.27626e+11
1.29469e+11
1.28234e+11
1.27297e+11
1.27523e+11
1.26868e+11
1.29248e+11
1.26091e+11
1.26198e+11
1.26157e+11
1.29402e+11
1.29894e+11
1.28082e+11
1.25517e+11
1.25484e+11
1.24498e+11
1.24401e+11
1.2436e+11
1.27154e+11
1.23794e+11
1.23505e+11
1.26054e+11
1.25044e+11
1.26636e+11
1.23659e+11
1.23847e+11
1.22547e+11
1.23848e+11
1.28229e+11
1.22735e+11
1.21578e+11
1.22269e+11
1.21858e+11
1.20982e+11
1.2286e+11
1.2049e+11
1.24455e+11
1.2208e+11
1.23352e+11
1.19574e+11
1.20048e+11
1.20201e+11
1.20381e+11
1.19006e+11
1.18924e+11
1.19244e+11
1.18236e+11
1.20623e+11
1.18594e+11
1.19461e+11
1.18228e+11
1.27748e+11
1.17167e+11
1.18627e+11
1.16537e+11
1.16819e+11
1.17163e+11
1.27911e+11
1.15821e+11
1.19231e+11
1.16155e+11
1.16638e+11
1.16145e+11
1.16057e+11
1.1475e+11
1.14943e+11
1.14514e+11
1.15373e+11
1.26276e+11
1.141e+11
1.15989e+11
1.13573e+11
1.14325e+11
1.16757e+11
1.13043e+11
1.13639e+11
1.13906e+11
1.13074e+11
1.16535e+11
1.12546e+11
1.12097e+11
1.13916e+11
1.12474e+11
1.14612e+11
1.12344e+11
1.11129e+11
1.24047e+11
1.10848e+11
1.112e+11
1.10467e+11
1.10374e+11
1.10738e+11
1.19242e+11
1.10147e+11
1.09883e+11
1.14716e+11
1.09484e+11
1.11785e+11
1.09271e+11
1.09469e+11
1.09817e+11
1.11551e+11
1.08732e+11
1.1385e+11
1.08691e+11
1.08195e+11
1.07816e+11
1.07273e+11
1.08619e+11
1.06917e+11
1.0725e+11
1.06859e+11
1.06492e+11
1.06253e+11
1.06287e+11
1.06114e+11
